013 Coverage vs TopK 消融 (3x3, max_keywords=10)
num_samples=10
max_keywords=10
weight_strength_grid=[2.0, 4.0, 8.0]
quota_prescreen_alpha_grid=[3, 2, 1]

keyword_weight_strength | max_keywords | alpha | topk对齐度(%) | coverage准确率(%) | topk准确率(%) | jaccard
-----------------------------------------------------------------------------------------------
     2 |          10 |     1 |        53.8 |            60.0 |          50.0 |   0.373
     2 |          10 |     2 |        72.5 |            50.0 |          50.0 |   0.580
     2 |          10 |     3 |        68.1 |            40.0 |          50.0 |   0.523
     4 |          10 |     1 |        53.8 |            50.0 |          50.0 |   0.373
     4 |          10 |     2 |        73.1 |            40.0 |          50.0 |   0.588
     4 |          10 |     3 |        68.8 |            40.0 |          50.0 |   0.530
     8 |          10 |     1 |        50.0 |            50.0 |          40.0 |   0.339
     8 |          10 |     2 |        70.6 |            50.0 |          40.0 |   0.555
     8 |          10 |     3 |        63.8 |            50.0 |          40.0 |   0.476
